1.879461,-0.516224,0.9896002411842346
4.057578,-5.896038,0.8196396231651306
8.90521,-3.666078,0.9933118224143982
-3.647456,9.918248,-0.4709607660770416
-4.016392,-0.235803,0.8133329153060913
4.299436,-9.198221,0.9802163243293762
1.072666,-0.281213,0.832249641418457
-5.591264,-2.724633,-0.17445877194404602
-0.305066,-7.190451,-0.5207548141479492
-7.906014,2.176363,-0.8016621470451355
-8.874548,8.840065,0.22068557143211365
-6.726046,8.737961,0.7194945216178894
-3.344748,-7.524608,0.5169464945793152
-1.788831,4.256259,-0.4205230176448822
9.580833,6.975403,-0.6926794052124023
7.510791,4.889323,0.35008978843688965
-9.578817,7.633077,-0.7617100477218628
-0.850106,1.553776,-0.34808140993118286
2.387835,-9.376183,-0.5619127750396729
-7.584841,8.863072,0.9986870884895325
-2.815719,-4.625091,0.9112620949745178
-5.142733,8.348555,-0.6101793050765991
-4.864365,6.888297,-0.4527440369129181
-0.522886,2.516893,0.2746886610984802
-8.599796,3.899266,-0.879797637462616
7.586361,-3.825287,0.08544474095106125
-6.699251,0.440385,-0.2724006772041321
2.724437,-9.127566,-0.1799715757369995
-7.44472,4.739049,0.34003281593322754
-5.484812,-4.544648,-0.6037788987159729
-8.760427,7.899204,0.037144046276807785
9.329816,8.317174,-0.5556260347366333
9.950985,2.14468,-0.9352198839187622
4.459427,5.008105,-0.22761660814285278
2.471144,5.317527,-0.8532431721687317
-8.374371,-3.943738,0.2034924179315567
9.531797,-0.958175,0.1966862976551056
-9.790695,-7.641573,0.3365842401981354
-8.410513,-0.746771,-0.7008302807807922
5.683575,4.249171,0.6837889552116394
8.205331,6.967132,-0.8405293226242065
-4.246259,3.379678,0.02887762151658535
-8.160598,-3.336234,-0.2008482664823532
-7.64676,-2.313062,-0.8632873296737671
-4.389642,-6.635505,-0.2168663889169693
-5.569288,-5.951485,-0.9248034954071045
-4.475369,-6.539503,-0.27036482095718384
8.320281,1.334186,0.6286471486091614
-7.905821,-7.6289,0.789133608341217
-0.692036,-5.456085,-0.6539780497550964
-2.849075,8.730298,-0.07007739692926407
8.411608,-5.31139,0.4239066243171692
-4.76864,9.034155,-0.9485464692115784
-2.842903,9.462717,0.1683676838874817
-6.346447,-9.995727,0.10322368890047073
-3.235411,-2.824866,0.8376690149307251
-3.565542,-8.618748,-0.025786099955439568
-6.580802,0.82506,-0.0349847748875618
2.02568,-3.436595,0.802681565284729
5.450595,0.142012,-0.708511471748352
-4.199489,-2.849857,0.9232897162437439
3.881155,2.771764,-0.9986974596977234
-0.880818,-6.710781,-0.12434417009353638
2.046457,6.573167,-0.839937686920166
-4.439619,-2.518265,0.8634036779403687
-0.624236,7.124786,0.9973470568656921
6.529586,1.010638,0.5380287766456604
-2.268407,-9.08827,0.9009232521057129
-7.972518,7.245085,0.5784679651260376
8.871508,-0.571524,0.6707297563552856
-5.828191,-0.294122,0.3535586893558502
5.437042,-0.672921,-0.8725217580795288
6.197726,9.332583,0.25359904766082764
2.194646,-9.474403,-0.7319300770759583
5.27837,3.353198,0.06249994412064552
-7.052738,-4.364434,-0.83205246925354
-2.840205,5.790196,-0.8399159908294678
2.461786,-4.143563,0.9098195433616638
-5.837693,-9.317687,-0.5819893479347229
-7.186204,3.937127,0.3430928587913513
4.244184,7.276793,0.2737346291542053
5.741874,8.888486,0.753658652305603
4.864996,7.684494,0.8561959862709045
-4.999957,-9.627356,-0.9779353141784668
2.885018,2.002916,-0.3718242943286896
3.777261,-1.068124,-0.29138460755348206
-0.478399,6.580025,0.9989745020866394
-9.672991,9.012459,-0.4977920353412628
-2.397716,5.700851,-0.5505967140197754
-7.281083,3.323953,0.06011323258280754
0.241917,1.247524,0.5964060425758362
-3.599608,1.356826,0.026121117174625397
4.531204,7.424288,0.5738857984542847
5.038939,-5.503288,-0.1450815498828888
-0.649768,-1.165749,-0.852545976638794
2.670932,-5.08024,0.8693282604217529
0.739264,7.882622,-0.10658492147922516
-1.587682,6.564037,0.48093047738075256
-9.781086,1.561625,-0.14030830562114716
-1.601414,-5.323343,0.1536823958158493
-9.864904,2.87755,-0.45807304978370667
2.566824,-4.862655,0.8515804409980774
-8.237165,5.495794,-0.20319002866744995
-1.114253,8.147566,0.9958077669143677
1.206299,-7.424498,-0.9155977964401245
3.156568,-8.740144,0.36580172181129456
3.183936,4.669731,-0.999116837978363
7.577374,-8.837507,-0.9986525177955627
-0.245647,3.24604,0.7086617350578308
-5.778013,-1.490083,0.030859164893627167
9.320214,5.783519,-0.9863210916519165
5.56407,1.056153,-0.37364083528518677
8.653513,5.143989,-0.7618196606636047
6.67537,9.035395,-0.12630967795848846
2.718491,-0.904646,0.652636706829071
-1.647702,-0.725873,-0.9529544711112976
4.299216,-9.414398,0.964229166507721
1.0108,-3.949954,-0.24402040243148804
-4.926277,6.560366,-0.2989049255847931
9.665869,3.609684,-0.9837168455123901
8.652269,7.332731,-0.9999574422836304
7.287423,5.564788,0.3579092025756836
-5.184643,-6.821089,-0.8784828186035156
-3.643721,-0.93805,0.7178568840026855
-3.560651,8.126309,-0.8271215558052063
-3.383118,-4.241078,0.9997856616973877
-6.310773,2.832871,0.7669941782951355
2.356908,9.723124,-0.7388155460357666
0.294741,-0.218395,0.22332443296909332
-4.89513,-0.993841,0.8780181407928467
4.905156,-2.990203,-0.7254943251609802
-4.109604,2.80993,0.0735163539648056
-6.276445,-2.206741,-0.6409129500389099
3.630752,3.844078,-0.9899390339851379
-3.715065,3.879368,-0.6141977906227112
3.211389,1.183459,-0.431814044713974
-2.096469,-9.835935,0.8703148365020752
7.554587,-4.53403,-0.1709805130958557
-7.543701,-6.000256,0.028859922662377357
1.678042,-1.315915,0.9518371820449829
9.461173,-7.921095,0.610447108745575
5.524601,7.375349,0.9998331665992737
-7.424874,9.500052,0.9518823623657227
9.226429,-6.75374,0.7127853631973267
-1.977225,7.016533,0.2534130811691284
-2.67993,-1.599164,0.0473492331802845
2.50011,6.985025,-0.9999381303787231
-4.057076,-2.212799,0.9987976551055908
-5.691127,5.839773,0.6370587944984436
2.875526,-0.975399,0.5451314449310303
-8.662114,1.417437,-0.9369675517082214
-8.714759,-6.561098,0.9815570116043091
-4.700624,6.957721,-0.609698474407196
-2.183354,1.442767,-0.9882709383964539
-4.05351,-9.770634,-0.7710027098655701
9.865686,9.680889,0.3716992437839508
-7.925447,-4.105593,-0.19129374623298645
3.966488,-1.268609,-0.40875044465065
-4.568793,4.598075,-0.03640434518456459
3.147225,-2.856571,0.7855859398841858
2.76727,1.884315,-0.2235678881406784
5.78619,4.570118,0.8178809881210327
2.795379,9.448555,-0.46199050545692444
1.822051,9.560952,-0.9883171916007996
-0.532055,4.101206,0.6985716223716736
-5.879887,-0.848323,0.1328745186328888
6.691132,-9.711618,-0.44236621260643005
1.810164,4.640947,-0.14531414210796356
8.826079,-3.281037,0.9973883032798767
-4.89548,7.277217,-0.533321738243103
8.974084,-5.686602,0.7712464928627014
-5.953965,-1.897425,-0.2713053524494171
0.857851,-4.828831,-0.6281813979148865
-6.161769,-3.325221,-0.8058054447174072
-7.766467,-3.77011,-0.44237765669822693
1.285923,2.317959,0.8991574645042419
-1.289387,4.922291,0.27388179302215576
9.418466,7.154641,-0.7646594047546387
-8.708465,4.404217,-0.8538689017295837
-9.410401,-6.575189,0.8738285303115845
0.621579,-3.226827,-0.3945259153842926
5.622452,5.986521,0.9473433494567871
8.645768,9.831853,-0.7110755443572998
-2.54539,-8.900632,0.7862007021903992
-5.018509,-3.673751,0.09514112025499344
5.977383,7.348014,0.8950083255767822
-4.039447,-1.01788,0.9397353529930115
5.998838,-7.658641,-0.4072345793247223
8.481147,3.115334,-0.04799240827560425
2.24451,1.486032,0.41146793961524963
1.806248,-3.106862,0.729303240776062
-7.413235,6.658993,0.8357917666435242
2.546258,-9.335371,-0.4125783443450928
-3.593788,-8.463413,-0.004590670112520456
3.899816,1.473101,-0.9415243268013
-4.221474,0.535899,0.7890737056732178
4.285179,-3.399357,-0.06149876117706299
1.421733,-3.806807,0.2084488570690155
-0.306898,-4.551237,-0.9829720258712769
-8.82422,-1.227064,-0.2084319293498993
-4.5396,9.001546,-0.9946463108062744
7.344646,3.035149,0.8974761962890625
4.316914,4.35189,-0.5488781929016113
2.631951,8.374822,-0.8335184454917908
-0.132744,-6.244136,-0.8527764678001404
-3.264798,-4.34551,0.9979288578033447
6.451582,-3.547558,-0.8196651339530945
-4.916191,8.22604,-0.7471948266029358
3.521604,3.306234,-0.9904410243034363
-4.287568,-1.184136,0.9988530874252319
2.266439,-0.643165,0.88190096616745
7.688118,4.368118,0.3393678665161133
-6.512591,-9.139694,-0.002931566908955574
9.480852,-4.764903,0.9939391016960144
-3.8385,4.233635,-0.6057438850402832
-5.989474,-1.776176,-0.26833370327949524
-3.37701,2.127775,-0.427634596824646
-5.615931,-5.362058,-0.8621722459793091
-2.175319,8.194697,0.4197175204753876
-5.532494,9.005979,-0.4580412209033966
-9.295318,9.17184,-0.09251286834478378
-9.304785,-3.690515,0.8697690963745117
4.843812,-5.567325,0.06985826045274734
-0.383561,-4.408009,-0.9767888188362122
-6.234339,7.776043,0.5790436863899231
1.146344,4.533163,0.5246451497077942
9.501144,-0.312312,0.023043476045131683
9.928827,2.773016,-0.9831070899963379
4.928415,3.310275,-0.29654911160469055
4.872983,2.064225,-0.6839324235916138
-9.736028,5.713122,-0.9979843497276306
-7.24112,-6.191448,-0.21125535666942596
-8.807993,5.160664,-0.7720862627029419
9.890798,9.411228,0.3146743178367615
-8.685031,5.257546,-0.6656145453453064
-7.419438,-2.806304,-0.8966155648231506
-8.026889,2.087905,-0.8815345168113708
1.650993,-8.297945,-0.8362041711807251
-8.895563,-2.464311,0.25243839621543884
8.576764,-6.034242,0.3642432391643524
1.651938,8.907749,-0.9747883081436157
-9.182491,4.099449,-0.9997211694717407
-2.746987,3.166027,-0.9858520030975342
0.600736,-1.415798,0.14951086044311523
5.0524,-5.580431,-0.13409613072872162
-4.553845,-5.544209,-0.035428911447525024
-2.936291,9.56019,0.10660901665687561
3.8445,-1.691579,-0.16372060775756836
3.0812,-7.919208,0.5315569639205933
-2.252077,8.98085,0.5700907111167908
-2.490961,-9.255229,0.7487627863883972
2.659548,-2.181194,0.9232057332992554
-8.439352,-8.81033,0.9693580269813538
-3.087729,-3.607942,0.8887357711791992
3.088518,8.096111,-0.5790761113166809
-5.679235,-2.819962,-0.28946828842163086
5.570319,8.039748,0.9622979760169983
-0.036026,-8.922172,-0.2624412178993225
0.59311,8.892728,-0.2784314751625061
2.795939,-3.610189,0.9971145987510681
-9.738185,0.503053,0.15268076956272125
-3.143557,0.693526,-0.2170504629611969
3.333052,7.240176,-0.6016089916229248
-4.383621,0.973272,0.8029490113258362
-4.987179,-9.645426,-0.9793790578842163
6.36096,-3.733142,-0.895930290222168
0.65883,3.049897,0.9982690811157227
-3.243079,-8.630057,0.28889647126197815
-7.827152,-0.514673,-0.9906307458877563
8.373304,-2.454032,0.9659205079078674
7.903524,6.720335,-0.5793207883834839
-3.143126,-3.262214,0.8623679280281067
8.416359,3.263598,-0.030411822721362114
-2.837926,-2.248962,0.4006260931491852
-7.356996,7.287343,0.9476590156555176
-4.683245,-5.330823,-0.09676187485456467
6.432507,-7.175088,-0.8452392220497131
2.863385,9.560817,-0.3676660656929016
7.450217,5.279049,0.28996238112449646
-6.340651,4.164388,0.9545362591743469
-7.5463,0.444386,-0.9008234143257141
9.231201,-6.534628,0.7630243301391602
2.124512,-5.455371,0.37835031747817993
7.220798,-7.032622,-0.9638093113899231
2.548687,2.420506,-0.1766338050365448
-0.995977,6.184512,0.8263607621192932
-5.871394,1.632812,0.8025344610214233
7.58419,-2.565745,0.4655913710594177
-1.835572,-8.891933,0.9989224672317505
8.775697,-0.46672,0.7157117128372192
7.617459,-7.341983,-0.8429547548294067
3.176377,7.403933,-0.6816850304603577
4.200202,-7.160977,0.9393740892410278
2.649381,9.905439,-0.46249327063560486
-5.95593,-2.766819,-0.5256259441375732
-4.884373,5.761429,-0.0910131111741066
5.544187,8.260025,0.949407160282135
1.8248,-9.487665,-0.9302955269813538
2.035061,-0.687422,0.97002774477005
-5.865069,-3.226343,-0.5719332098960876
-1.19125,-6.125812,-0.00043621857184916735
1.476379,-8.267552,-0.9149017930030823
-0.134983,1.658553,0.3829159438610077
6.07273,-1.338744,-0.5944574475288391
-1.493719,-5.015849,-0.05125674977898598
-6.778545,-5.986121,-0.6748720407485962
-6.694908,-3.294998,-0.993929386138916
0.156517,-5.431082,-0.999998927116394
9.578078,-6.12287,0.9748224020004272
-6.711277,9.801473,0.43476641178131104
2.024821,2.046029,0.44886988401412964
7.925345,4.042236,0.21114815771579742
1.982765,-1.922548,0.9800670742988586
-8.627361,3.241994,-0.9667543172836304
5.605181,-3.831362,-0.9470847249031067
1.196934,1.03783,0.9990535378456116
-1.029341,-8.785613,0.6321274638175964
-1.472039,-1.356573,-0.9450485706329346
4.493112,-0.280833,-0.952738881111145
3.879072,-3.79782,0.45413780212402344
4.789436,2.749812,-0.579778790473938
8.018478,7.01953,-0.7366382479667664
2.024109,-6.537112,-0.056688182055950165
-0.818745,-6.603692,-0.21903686225414276
7.304169,-2.268659,0.2944188714027405
3.736076,3.131668,-0.999789297580719
-2.357903,-6.18825,0.926909327507019
-4.315917,-9.896436,-0.9256935119628906
-6.954249,2.17178,0.020233983173966408
-1.746248,3.451194,-0.6033529043197632
7.584145,-0.490922,0.9105838537216187
-9.108591,2.570389,-0.9062667489051819
-1.384531,-3.641817,-0.5628544688224792
8.81617,6.712091,-0.9990808367729187
7.175531,3.440794,0.9143941402435303
-6.57362,2.578558,0.5058315992355347
-6.648163,3.477373,0.675693154335022
-7.68099,9.738526,0.9913967847824097
3.115498,5.89449,-0.9612255692481995
-8.342906,-2.304209,-0.34141239523887634
5.221405,-0.293706,-0.9149039387702942
-0.954246,1.939238,-0.33062657713890076
-7.52709,-7.595779,0.49698731303215027
2.807395,6.368875,-0.9925328493118286
2.823542,0.009531,0.30983230471611023
-5.998877,-4.085163,-0.8500285744667053
8.613051,8.845466,-0.9076789021492004
-4.220642,6.939591,-0.904365599155426
2.385905,-5.251593,0.6550668478012085
-0.638562,-7.35826,-0.16013136506080627
4.3615,-2.095298,-0.5252025127410889
-9.724881,-6.409248,0.7183048129081726
0.648748,6.923575,0.28499606251716614
-1.780056,-6.600688,0.6739389300346375
5.766834,6.454868,0.99947190284729
6.388259,4.819062,0.9976730942726135
4.551772,-0.746363,-0.9217637777328491
7.304717,-7.615003,-0.9858546257019043
2.166984,7.041311,-0.9541209936141968
-4.087891,-9.841116,-0.8059214353561401
-6.933204,9.268676,0.7455105781555176
-3.269735,-0.564287,0.3029251992702484
-4.892159,-4.825754,-0.144550621509552
8.707919,-5.68962,0.5758728981018066
4.257813,-8.956185,0.9866105914115906
-3.898002,7.926255,-0.9808924198150635
-4.196967,0.972781,0.6785072088241577
3.032667,2.23943,-0.5678626894950867
0.947929,-9.154759,-0.922871470451355
3.821214,9.841768,0.6215821504592896
-8.19671,9.867806,0.9416489005088806
-1.040064,-0.194068,-0.8920394778251648
-0.981527,2.152571,-0.29202398657798767
8.47656,8.36025,-0.9899157881736755
-3.270735,8.540228,-0.5246433615684509
8.713854,-1.756099,0.9550735950469971
-1.983323,6.821345,0.18687327206134796
9.44524,8.666235,-0.35468941926956177
-4.170072,-3.870252,0.7714862823486328
8.856476,-2.02652,0.9367981553077698
-6.314205,-7.583909,-0.6415673494338989
1.731126,-5.691265,-0.08037316799163818
-1.710276,2.58169,-0.7761258482933044
9.374657,0.245912,-0.028151631355285645
0.983992,7.364886,-0.18563243746757507
1.796909,-2.308873,0.8733177781105042
-2.544122,5.638338,-0.6811873912811279
-8.169331,-6.427474,0.7106921672821045
7.22103,-3.23208,-0.09083257615566254
-7.046112,2.841665,0.14113053679466248
5.388442,-8.467014,0.43342065811157227
-1.703448,-3.821295,-0.21997472643852234
-1.883694,9.47134,0.9048924446105957
-2.1589,-7.447624,0.9833319187164307
2.837132,-6.750993,0.6351667046546936
4.570133,0.192372,-0.9967195391654968
4.554558,0.071337,-0.9908846616744995
-3.766184,-5.244597,0.7496903538703918
4.508442,-2.474318,-0.5473960041999817
-3.422296,-5.490043,0.8971850275993347
-7.284973,4.867616,0.5206589102745056
-0.281654,-1.879793,-0.7707456946372986
5.369924,9.537234,0.8516147136688232
0.27158,8.264005,0.23721526563167572
-0.931797,-3.125088,-0.9373865127563477
7.193566,5.679604,0.41080600023269653
-0.223099,-6.681015,-0.7116615176200867
8.40929,-1.573871,0.9985244870185852
3.413795,-7.263387,0.8920165300369263
-9.59367,2.638588,-0.6217668652534485
8.584101,-4.369218,0.789595901966095
-6.625342,-3.577175,-0.9959536194801331
-8.883668,-8.130946,0.8887184262275696
-0.128559,-5.355952,-0.9657143950462341
4.952166,9.478447,0.9933639764785767
-9.950297,-7.907357,0.0989215075969696
6.815908,-3.066634,-0.42902883887290955
0.800751,-3.189669,-0.21290987730026245
5.684465,3.249905,0.42209622263908386
-1.595373,0.620995,-0.9850569367408752
8.760545,0.56114,0.4667538106441498
9.374397,0.494689,-0.10687880963087082
0.052702,3.248475,0.8851069211959839
5.534591,9.024391,0.8508670330047607
3.706569,-1.823851,0.015572784468531609
7.309305,9.808315,-0.8450244665145874
2.476535,7.410255,-0.99245685338974
-7.069823,8.670219,0.9201304316520691
-1.5847,-0.610107,-0.9784238338470459
2.802895,-1.37377,0.7004173398017883
-1.590323,-0.478451,-0.9852747917175293
0.181423,-9.102306,-0.41292333602905273
4.145203,5.74079,-0.30566051602363586
0.05167,-1.663921,-0.4599798023700714
-0.567699,3.994024,0.6469960808753967
1.361217,5.200642,0.12463490664958954
-4.634941,-1.33017,0.9407509565353394
-6.295562,-3.414471,-0.8908606171607971
5.786941,-5.444905,-0.7908405661582947
-5.871135,1.992905,0.8656319975852966
-5.87192,-4.790736,-0.8973260521888733
-7.787527,-7.13782,0.5930064916610718
-4.304557,5.168335,-0.4637009799480438
-5.831381,5.705946,0.7665999531745911
6.012442,-9.203608,0.05871603637933731
3.656168,4.165758,-0.9638292789459229
-7.33075,2.488557,-0.2526637017726898
-6.641242,9.749567,0.38597625494003296
9.83009,4.045867,-0.9925239086151123
-3.156954,7.413628,-0.7153486609458923
-4.450087,-6.308018,-0.17391738295555115
-7.540918,-2.696846,-0.8549361824989319
0.481266,-9.363549,-0.5990774631500244
-1.686878,-4.036549,-0.16902583837509155
-6.275061,5.332364,0.9909453988075256
-9.057733,-6.466893,0.9927324652671814
6.24858,2.643602,0.7221318483352661
9.540224,3.47793,-0.9399574398994446
-4.501733,-0.170702,0.9878068566322327
-0.934366,2.08543,-0.2672644257545471
4.696644,-8.868178,0.9544400572776794
7.859727,9.642612,-0.9977890849113464
-7.971135,-1.350683,-0.8540424704551697
5.626233,-8.883051,0.3362407386302948
5.535446,5.076,0.7630388140678406
-5.769345,1.140843,0.7688124775886536
-4.754203,-7.201616,-0.6913552284240723
-1.508825,-7.888398,0.7695827484130859
5.09886,8.446672,0.9977921843528748
5.687921,-4.630218,-0.8783906102180481
-6.854529,7.407582,0.9768126010894775
-4.196512,2.139256,0.36531689763069153
3.978525,3.336432,-0.9466385841369629
3.689328,-4.167931,0.7025386095046997
-1.383853,9.22106,0.999809980392456
3.118763,6.489408,-0.8906533122062683
-9.828194,-9.805621,-0.37375056743621826
-0.117781,8.104983,0.6283865571022034
-2.362184,1.150706,-0.9109947681427002
-2.53749,-5.988362,0.9641050100326538
2.653499,1.442118,0.029049275442957878
-2.258267,-0.672806,-0.6203311085700989
8.503725,6.452357,-0.9056017398834229
5.869982,9.579333,0.484332412481308
9.165195,-9.019791,0.010921436361968517
-8.392908,5.591098,-0.3240629732608795
9.511248,-5.380219,0.9984707236289978
-1.747022,2.744295,-0.7665720582008362
6.422129,5.457517,0.9537479281425476
9.942253,-7.060927,0.9873399138450623
-9.359723,4.978994,-0.9968715310096741
-5.564183,-1.319326,0.2946103811264038
-4.766071,-6.710908,-0.5802482962608337
4.904904,-0.183665,-0.9910284280776978
2.123769,6.302893,-0.8351742029190063
7.215723,5.290746,0.5011763572692871
-1.512005,-9.17747,0.9613024592399597
-1.57001,8.50422,0.9073628187179565
-3.325189,4.490142,-0.9476072192192078
7.102239,6.288047,0.31550756096839905
-3.170252,-6.197537,0.9087153673171997
0.554872,3.386467,0.9980772733688354
2.084564,3.811686,-0.15563344955444336
-6.286903,-3.028617,-0.8236153721809387
3.574269,6.901935,-0.48988884687423706
-9.95794,7.297434,-0.9761397242546082
-5.337766,-6.22786,-0.8608666062355042
-3.515708,9.281239,-0.5323701500892639
8.171818,-9.623779,-0.9225785732269287
8.049912,3.616308,0.22189615666866302
8.664312,-9.557255,-0.6139393448829651
9.901328,3.944677,-0.9870059490203857
0.817491,-8.4749,-0.9525294899940491
-8.360057,-5.802393,0.7048686742782593
0.048069,9.0286,0.2178696095943451
-7.566624,1.362627,-0.7510830760002136
2.925357,-2.434038,0.8365818858146667
-3.834614,-3.822055,0.9431465864181519
-8.171829,-7.105217,0.8461459875106812
-7.705611,-9.411585,0.9570454359054565
-9.487491,-7.4278,0.6552679538726807
-7.8875,9.18743,0.9687486886978149
2.874278,3.729329,-0.7954608798027039
-8.889146,7.576906,-0.19293880462646484
-7.067589,1.285585,-0.36644840240478516
-8.805399,-2.535743,0.18667128682136536
-7.684702,5.432599,0.32189783453941345
8.089544,-8.049006,-0.6858124732971191
-7.174172,-1.624949,-0.9868141412734985
-8.77765,5.909669,-0.5756171345710754
3.305633,1.814002,-0.6753618121147156
8.933328,4.486414,-0.8055598735809326
-5.069976,1.504247,0.9926607012748718
-3.998107,-0.951794,0.9165952801704407
4.791789,0.674413,-0.9570714831352234
-1.929674,-8.396773,0.9939627647399902
-8.867516,1.938656,-0.9224411845207214
4.926294,-8.140757,0.7219263315200806
-2.980456,6.728465,-0.7437875866889954
5.060897,2.480347,-0.41938668489456177
-6.001723,-2.962367,-0.6142918467521667
4.717348,-0.398874,-0.9925664663314819
5.612987,-9.913805,0.6321057081222534
-4.952692,-4.502353,-0.10247015953063965
2.354127,-7.593065,-0.06277935951948166
-1.602139,6.163258,0.3519812524318695
-4.503305,0.079574,0.9726508259773254
-5.595365,7.325122,0.12181053310632706
-8.149894,-1.822296,-0.6402540802955627
-4.235022,-5.142438,0.3997776508331299
-6.24682,-0.105642,0.002738297451287508
-6.098841,-8.750715,-0.5145628452301025
-7.928686,8.596119,0.8869638442993164
1.53488,4.096872,0.29803910851478577
-6.138038,-8.382101,-0.5799230337142944
-9.845069,-9.193416,-0.20361971855163574
-1.865317,2.399369,-0.891920268535614
6.272183,-2.67615,-0.7596973776817322
6.797362,4.21019,0.9600753784179688
-9.067515,-9.195533,0.5411689281463623
-4.144476,-1.009957,0.9697885513305664
2.104586,1.462842,0.5407847762107849
-8.318182,6.796042,0.12789912521839142
1.523903,-7.583747,-0.7771211266517639
-3.371596,7.023423,-0.906943678855896
5.741154,0.694334,-0.31553229689598083
-9.955304,-7.889059,0.09973476082086563
-4.637459,7.187725,-0.7118000388145447
-5.14511,3.000172,0.8666924834251404
-3.705019,5.388393,-0.9134783744812012
1.643169,7.375467,-0.7507919073104858
5.695927,2.158113,0.0995255708694458
1.640879,-5.458479,-0.0964585468173027
9.362762,-6.422307,0.8600120544433594
1.722235,1.366683,0.832900881767273
-5.210458,-6.963284,-0.910194993019104
-4.837226,-4.309735,0.0740605816245079
-1.252885,-7.047227,0.34711626172065735
5.141658,-8.111083,0.549505889415741
-6.272344,5.64292,0.9722243547439575
0.842387,-7.182118,-0.9919407367706299
6.478308,1.810918,0.6972514986991882
-6.987687,-6.203569,-0.44612759351730347
2.86232,3.777946,-0.7975873351097107
-0.02119,-0.10038,-0.05311693623661995
5.377754,-0.135101,-0.812504231929779
-9.985267,1.411004,0.1111220195889473
3.989858,-7.979597,0.9926977157592773
-1.644888,-0.555605,-0.9686778783798218
6.208771,6.799651,0.8682236671447754
7.967015,2.364606,0.6480991244316101
1.694842,-6.740639,-0.4356587827205658
1.004523,6.663241,0.016093425452709198
7.981124,1.703069,0.7842895984649658
-9.522753,7.150354,-0.8212162852287292
2.781769,2.013805,-0.27749934792518616
2.274729,4.469367,-0.5276060700416565
-0.719388,0.96183,-0.4015677273273468
-5.699056,-0.435387,0.43094632029533386
2.228528,-3.327108,0.9205463528633118
1.420627,2.322307,0.8314721584320068
5.234289,-4.194742,-0.6870843768119812
2.268391,-4.580931,0.7244493365287781
9.397742,1.757282,-0.507537841796875
-2.049052,-2.738778,-0.21897172927856445
-8.061437,7.159973,0.48016130924224854
-6.602896,8.04136,0.7843573093414307
2.322384,8.344805,-0.9647699594497681
5.279249,-4.706072,-0.596928596496582
8.589747,-4.497554,0.7675090432167053
8.453457,1.829926,0.37911322712898254
1.04754,2.747621,0.9389128684997559
-7.412723,2.86001,-0.21741795539855957
3.077314,-7.311355,0.6816661357879639
-2.058357,-5.585251,0.6400818228721619
-8.628858,1.397359,-0.9460153579711914
8.16717,-3.703624,0.648097813129425
0.196213,-6.130441,-0.9830518364906311
0.931018,-5.673715,-0.7675316333770752
-3.851806,6.818279,-0.9938807487487793
4.989494,5.510616,0.44429904222488403
-4.484314,-4.194853,0.4471782445907593
8.675518,4.520027,-0.6361587643623352
-8.626636,-8.16817,0.9734218716621399
1.996402,7.493475,-0.9458023309707642
-9.385133,-2.166324,0.605120837688446
-3.339048,-3.967615,0.9939109683036804
4.735749,1.644805,-0.8541316986083984
-7.770425,3.137775,-0.46926170587539673
-5.623235,7.566609,0.07305102050304413
-4.069354,-7.70604,-0.2368062436580658
0.656581,-2.74846,-0.21655170619487762
8.071119,-2.377637,0.8578691482543945
2.466228,1.67397,0.14204141497612
0.786735,3.339475,0.9613515734672546
2.66243,4.036189,-0.7212437391281128
6.979058,9.582558,-0.568352997303009
-6.429176,3.490723,0.8221292495727539
6.919724,-1.32304,0.21373999118804932
6.822286,-8.343285,-0.8546849489212036
-5.153258,-5.651338,-0.6201620697975159
-6.716695,1.61478,0.08040400594472885
-2.168686,4.05309,-0.7698124647140503
-2.515116,1.43069,-0.8828421235084534
6.461419,-9.638755,-0.24906577169895172
3.34134,1.411914,-0.6045283079147339
-0.528231,3.405459,0.5275892019271851
-4.628353,9.510953,-0.999546229839325
-9.783034,7.99445,-0.8163925409317017
-1.867844,-7.802355,0.935551643371582
-7.766234,-9.532829,0.9810580015182495
2.392515,-2.020726,0.9841108322143555
-0.228024,9.952766,0.20019091665744781
-0.638989,-2.068707,-0.9628807306289673
-8.358778,6.148015,-0.11834069341421127
9.807739,4.206263,-0.9886121153831482
-1.070399,-6.71068,0.06483661383390427
-1.903074,-3.448939,-0.14022350311279297
9.106819,-8.890184,-0.006199622061103582
-7.057324,4.934017,0.7148488759994507
-0.066875,6.580086,0.8974530100822449
6.254241,1.056517,0.302539199590683
-9.70125,-7.668951,0.41142553091049194
1.773408,8.469688,-0.970621645450592
-9.48035,-8.332266,0.42030227184295654
-0.215436,3.118047,0.7011927962303162
-1.813401,-0.657945,-0.8995600342750549
9.645682,-2.601121,0.5704540014266968
-4.527402,1.153849,0.8513365983963013
5.325508,-0.288645,-0.8672020435333252
-9.340841,0.654683,-0.2881830036640167
6.35223,2.707534,0.8021456003189087
-8.008015,3.666834,-0.5291849970817566
-5.987293,3.125086,0.9610117673873901
-1.279925,-5.711395,-0.04366026073694229
-8.706253,6.382106,-0.38164955377578735
4.046422,-6.467321,0.9143025875091553
-7.725268,1.169268,-0.8771491646766663
0.113475,9.14765,0.11606809496879578
-8.464916,1.211893,-0.9747545719146729
-6.239116,-8.354119,-0.5024780631065369
9.735636,-0.908827,-0.021567603573203087
-8.718618,-0.000795,-0.6487241983413696
-2.693754,-3.213919,0.5439887642860413
0.732876,-3.899545,-0.486769437789917
5.570802,-9.459746,0.5496299862861633
-4.337752,-5.287694,0.25931069254875183
-4.535548,-2.215885,0.8635658025741577
9.940361,9.713203,0.4491365849971771
-9.085911,-1.987838,0.2896694242954254
1.759427,-9.860717,-0.9817275404930115
-7.564213,8.374125,0.9827041625976562
2.488306,4.676878,-0.7415716052055359
1.609709,-7.699611,-0.7454124689102173
-6.546734,-9.131677,0.02865496836602688
-4.976054,-7.832984,-0.926944375038147
-0.595554,1.00531,-0.2720799744129181
-8.401878,-6.120879,0.7988836765289307
0.623604,-9.070754,-0.769390344619751
9.420092,3.106821,-0.8328546285629272
1.230612,-7.39057,-0.900917649269104
5.490875,2.337784,-0.048152241855859756
1.603127,8.244051,-0.8846288919448853
-9.933117,-1.3759,0.8112585544586182
-4.462466,1.602696,0.7247828245162964
-0.103072,6.078461,0.9661412239074707
-2.994013,-8.730054,0.488447368144989
3.725638,6.373868,-0.5043957829475403
2.378211,-0.602837,0.8164700269699097
-5.939155,1.38452,0.706638753414154
9.395509,0.792027,-0.2210015505552292
-0.379627,-8.895331,0.06945030391216278
6.985608,-1.266589,0.2948084771633148
8.277701,-1.41414,0.9996511340141296
4.247103,2.917361,-0.894565224647522
-0.250921,-8.625199,-0.1446761041879654
-7.660977,-9.948795,0.985954999923706
-1.416813,-9.206694,0.9341257214546204
-6.475738,-5.988613,-0.8638206124305725
-8.81298,-4.134902,0.6475629806518555
9.336612,-8.3864,0.3745879530906677
3.040119,-5.537639,0.9572769403457642
-7.792557,-2.894142,-0.6525819897651672
4.183235,5.988026,-0.19268953800201416
3.508311,-7.203777,0.9374660849571228
6.242503,-5.371301,-0.9839109182357788
6.252839,-3.333071,-0.887225329875946
8.178973,1.377508,0.722443699836731
3.318299,-2.359764,0.5433562994003296
-9.048858,8.216036,-0.14986036717891693
-4.910457,-0.691319,0.9138531684875488
0.110978,3.344009,0.9228475093841553
-2.381207,-6.728663,0.9821207523345947
-1.700581,0.077923,-0.9944945573806763
-3.604878,-1.262396,0.7611719965934753
-1.951928,8.438491,0.6699392199516296
-0.266145,-3.421812,-0.9768792986869812
9.138391,4.270022,-0.8785426616668701
1.118754,5.462647,0.2802208364009857
4.73269,-7.336454,0.6773602962493896
3.677515,5.87261,-0.6715956926345825
-6.701293,-0.68196,-0.5933240652084351
0.727813,-7.214287,-0.9999974966049194
1.632908,3.439117,0.4022560119628906
-8.281651,-7.448147,0.9417147636413574
-8.318277,-6.311358,0.7848579287528992
-4.971574,-7.351472,-0.8564919829368591
-6.440085,9.612506,0.2364753633737564
-9.077891,7.047774,-0.5238208770751953
5.455612,-1.837622,-0.9874982833862305
8.517265,8.512636,-0.9733584523200989
-2.435417,-2.416349,0.06293030828237534
1.632619,-0.914825,0.9738086462020874
7.878492,-8.228457,-0.8541388511657715
-6.63087,5.713505,0.9950225353240967
0.510846,3.683451,0.9936753511428833
-3.710851,-2.424038,0.9736794233322144
-9.463882,-3.627767,0.9297959804534912
-6.355825,8.82899,0.39298689365386963
-2.517274,-3.830884,0.56058269739151
-5.551793,-7.302329,-0.9997532367706299
8.541083,9.488781,-0.8441163301467896
5.482164,3.80896,0.3999003469944
3.453206,-2.820059,0.5530654788017273
-2.315875,-5.760249,0.8456739187240601
-9.493654,-6.144413,0.8987405300140381
9.032298,5.540404,-0.9801239371299744
9.944837,-6.739578,0.9985196590423584
8.560877,9.653559,-0.8032140135765076
8.061549,7.863159,-0.9085049629211426
4.35003,2.640436,-0.8878624439239502
-2.368156,6.296811,-0.35584574937820435
7.72411,-5.89822,-0.4228038489818573
-4.137496,4.735427,-0.4894247055053711
6.366769,1.730344,0.5926694273948669
-3.920212,-0.346329,0.7763531804084778
-3.763054,4.22571,-0.6621047854423523
4.62652,4.636389,-0.17987266182899475
-3.349367,-3.03306,0.9220048785209656
2.132877,5.903077,-0.7645171880722046
-7.688755,7.002823,0.7335277795791626
2.705984,-6.025151,0.7090281248092651
-2.091286,-2.449688,-0.2672584056854248
-0.698642,-1.770317,-0.9527460932731628
-5.699863,-7.369485,-0.9816891551017761
-3.105477,3.050786,-0.845345139503479
-0.865373,-5.923594,-0.38081836700439453
6.278165,-7.853563,-0.5945497155189514
-7.545493,-8.717948,0.780661940574646
2.262927,0.881313,0.5631021857261658
-8.454469,0.470461,-0.9001274108886719
-7.85523,1.111194,-0.9385278224945068
4.978037,-4.416548,-0.41742825508117676
-1.372971,-5.996557,0.1396835446357727
9.894189,6.928617,-0.4499724805355072
-1.913944,6.072202,0.018896766006946564
7.272231,7.91123,-0.35758063197135925
-4.519864,-9.957341,-0.9864844679832458
0.646803,4.739031,0.8339951634407043
-8.502224,-2.266016,-0.1999027132987976
7.824877,-0.357656,0.989799976348877
-1.741449,-7.522745,0.8384432196617126
7.387885,-7.669216,-0.9726749658584595
5.240377,2.25593,-0.3190467953681946
3.891182,-8.3844,0.9399024248123169
-8.011578,2.384668,-0.8245062232017517
-6.185079,-3.066927,-0.7695440053939819
-6.19862,-0.107983,0.05017253756523132
-6.67049,0.829296,-0.12301882356405258
-3.73913,-1.01405,0.7957950830459595
-4.828372,2.619245,0.7532883286476135
8.532346,-0.429161,0.8568035364151001
-9.512771,5.990768,-0.9693730473518372
-0.286352,-9.998959,0.32170215249061584
0.869839,-1.725768,0.3150506615638733
-7.807409,7.330436,0.7236847281455994
1.069894,4.419421,0.6170224547386169
3.015748,6.762915,-0.8977940678596497
7.485356,-4.642283,-0.27204152941703796
-6.156921,-4.930793,-0.9918776750564575
-1.678561,4.230738,-0.32581648230552673
-7.170405,2.284175,-0.1594603955745697
-0.07364,7.370211,0.7638269066810608
-2.801683,-1.099229,0.009985607117414474
-8.222054,-6.779458,0.8164547085762024
-0.841552,8.268419,0.9759909510612488
-7.954333,3.793021,-0.4473423361778259
5.995738,-4.019878,-0.999992847442627
-0.310139,5.741816,0.998582124710083
-9.585344,-5.296092,0.9622706174850464
3.961265,8.648495,0.4177626073360443
-4.047992,5.759285,-0.799725353717804
-8.206385,6.78317,0.2337675243616104
2.838021,-2.662816,0.9132421612739563
-9.613385,-8.204639,0.3347758650779724
-4.306145,-5.47396,0.23247797787189484
4.144716,3.953544,-0.770750105381012
-2.259176,-1.415866,-0.41844502091407776
3.436835,-0.009074,-0.288207083940506
-9.031772,9.886826,0.3880251348018646
-4.23737,8.429113,-0.9998639225959778
-0.79462,-8.992239,0.4928358495235443
1.651803,-2.417373,0.7722209095954895
-4.896004,8.370794,-0.7895619869232178
0.588377,2.893955,0.9981251358985901
-8.335901,8.907879,0.7052317261695862
-1.872061,-0.491137,-0.8971161246299744
-1.009753,-4.189031,-0.7162611484527588
-0.506668,3.159222,0.4784981608390808
-0.703539,0.783631,-0.4386550486087799
6.481344,6.093423,0.843538224697113
6.055829,-1.501352,-0.6482253670692444
7.875934,-5.34487,-0.10836292058229446
-8.006221,-8.559011,0.9651093482971191
8.503835,-1.167633,0.9615556597709656
9.726257,7.071319,-0.555731475353241
-5.367954,-6.516903,-0.916468620300293
5.927363,-4.600811,-0.9690335988998413
1.722465,8.942685,-0.9897388219833374
2.916628,-9.253955,-0.028993356972932816
-7.48624,-9.012219,0.801703929901123
-8.976115,-8.337053,0.8054822087287903
-1.975023,1.310679,-0.9999158382415771
-8.072746,-6.243464,0.5934387445449829
-1.27899,-1.806813,-0.9601325988769531
5.054501,9.015499,0.9975340366363525
-0.094255,-4.30709,-0.9944345355033875
5.50691,3.290921,0.26794278621673584
6.220737,0.45235,0.0814490020275116
1.03463,-1.989919,0.3905408978462219
-3.446299,-6.869957,0.6052747964859009
5.921012,-5.785535,-0.8062742948532104
3.877838,-4.897023,0.7328665256500244
5.551839,1.551531,-0.23525270819664001
2.657328,0.668875,0.2680374085903168
6.621223,-0.021702,0.32511159777641296
1.284131,5.723197,0.03570384904742241
9.925889,-8.605253,0.785538911819458
-6.756484,-2.816506,-0.9798722267150879
-4.200711,-9.958426,-0.8854172825813293
-2.260233,2.093599,-0.9997349977493286
9.809531,9.8557,0.3712237775325775
4.648275,-8.148406,0.8852521181106567
-3.033,-8.903701,0.40414994955062866
6.437755,-8.773057,-0.4825919270515442
-2.270173,-8.769475,0.9396486282348633
-6.61921,-4.384665,-0.9870818853378296
1.292738,0.095315,0.9694743156433105
5.034945,4.354739,0.13747946918010712
2.038728,-3.754126,0.7471426129341125
8.654609,-0.850439,0.8628455996513367
7.795267,-7.244404,-0.7130813598632812
9.733905,8.252857,-0.20405691862106323
-8.538033,-9.928687,0.762998104095459
-2.212893,8.0831,0.3523094058036804
-1.031921,-8.105515,0.4532370865345001
4.074753,-7.720616,0.9989233613014221
0.926592,7.774314,-0.256732702255249
-3.931424,-2.756777,0.9953432083129883
3.138441,-9.815405,0.014100322499871254
2.191924,4.521557,-0.47026199102401733
-6.296285,-4.792088,-0.9994775056838989
2.514984,-2.194286,0.9699613451957703
1.484234,2.89704,0.6707371473312378
-0.265942,7.998721,0.7587960958480835
-6.066997,7.988178,0.3734159469604492
4.909051,6.47331,0.6337441205978394
6.333201,8.08821,0.4942920207977295
4.070261,2.447377,-0.9906443357467651
-7.423008,-0.643692,-0.974552571773529
3.937216,-6.940534,0.9876728057861328
-2.547018,-0.898688,-0.30364248156547546
-0.731999,5.900541,0.9112056493759155
1.312127,2.841621,0.7985905408859253
-3.551296,-5.568134,0.8189031481742859
1.057827,9.346237,-0.7778477072715759
4.730524,0.993464,-0.9446190595626831
4.071526,-1.149182,-0.5346869826316833
-8.089428,-9.178747,0.9998792409896851
-2.007227,-3.29556,-0.0852527767419815
8.075284,-7.361785,-0.5237356424331665
8.055703,4.228822,0.02299675904214382
8.198968,-8.589337,-0.7299768924713135
1.709831,-3.259779,0.6227176189422607
9.610579,-0.644275,0.019277308136224747
-0.252885,4.482106,0.9222317934036255
-1.417607,-8.929803,0.8994278311729431
-7.279288,5.893549,0.7706577181816101
1.407874,-0.195839,0.9747360944747925
6.570676,7.728422,0.3839484453201294
5.087185,-4.615091,-0.4587281346321106
1.396897,-1.027558,0.8771117329597473
-0.35495,-6.018699,-0.7648646235466003
-7.996877,-7.226074,0.765765368938446
7.278381,-2.089703,0.32406431436538696
1.998428,6.756033,-0.8454180955886841
7.504027,6.476866,-0.14043393731117249
-1.457888,-0.640666,-0.9958603382110596
5.164511,-4.964838,-0.428255558013916
-3.095147,-1.623228,0.453103631734848
-4.390586,7.680394,-0.9304913878440857
3.223502,-4.793747,0.9919705390930176
8.682259,-4.62262,0.800211489200592
-7.543773,-2.133614,-0.9327095150947571
-0.574526,-9.607691,0.471645712852478
0.277488,-2.726545,-0.5566918849945068
-8.919286,-1.896441,0.09800605475902557
3.459571,-5.942536,0.9999961256980896
4.215261,-4.539542,0.3628390431404114
2.479253,6.099827,-0.957813560962677
-8.268912,0.977822,-0.994629979133606
3.911956,3.135143,-0.9805574417114258
9.61056,-9.419747,0.32307443022727966
5.797101,1.355348,-0.054636262357234955
0.239928,-6.624617,-0.9559383392333984
-9.04056,5.94481,-0.7611490488052368
-9.164823,3.335936,-0.9691643118858337
-9.443665,2.488841,-0.6985265612602234
8.196864,-3.730521,0.6640458703041077
4.498198,4.738074,-0.27328985929489136
-7.148453,-4.749548,-0.6921738982200623
-6.452947,8.67354,0.5230971574783325
3.44669,-6.769846,0.9613271355628967
-5.370367,-1.126302,0.5263528227806091
-7.000971,4.458656,0.6453250646591187
5.935414,-1.4063,-0.7141509652137756
-9.462759,-5.650921,0.9648488163948059
4.882298,-9.283947,0.9371834993362427
-1.498086,-0.615385,-0.9924238324165344
2.916758,-8.864378,0.09499556571245193
2.114719,9.264319,-0.9389418363571167
-7.586931,7.208629,0.8364819884300232
9.918837,-9.550508,0.5610306859016418
2.062778,4.557743,-0.3634421229362488
9.479743,-7.758635,0.664561927318573
-2.70187,-0.178059,-0.37374642491340637
-3.006636,-9.80067,0.1562567949295044
-9.466392,2.027179,-0.5676575303077698
-7.921451,-8.869529,0.9686982035636902
-4.223045,-5.292814,0.36663129925727844
4.784242,-5.12879,-0.010104809887707233
6.830414,-6.917143,-0.9964933395385742
8.567632,9.770891,-0.7761693596839905
-4.403024,-5.474147,0.13725146651268005
9.221051,-9.936235,-0.22304381430149078
-5.615309,-9.688793,-0.6634575724601746
-5.959355,-5.264554,-0.9761440753936768
-7.893405,3.200282,-0.5576384663581848
4.510783,7.842285,0.6622927784919739
7.025367,6.148082,0.42812424898147583
-7.744454,-8.329357,0.8254466652870178
-7.166867,8.380058,0.9774059057235718
1.380671,8.491607,-0.8087600469589233
-0.603924,7.238218,0.9916554689407349
-4.677009,-0.218078,0.9994208216667175
-6.598346,5.320715,0.9815632700920105
-6.765931,1.431337,-0.027133647352457047
-5.849551,3.086904,0.9880778193473816
0.095612,0.644329,0.2961967885494232
0.27954,7.44002,0.4739936888217926
